750
46 173 
977 171 
424 345 
511 595 
553 401 
637 840 
577 271 
894 108 
408 947 
988 622 
735 355 
392 695 
91 455 
40 744 
169 929 
612 67 
285 155 
943 758 
684 321 
76 101 
817 525 
266 185 
973 437 
147 662 
15 607 
956 289 
375 249 
717 681 
494 833 
737 585 
344 242 
157 153 
452 846 
10 726 
725 
750 481 
339 982 
568 474 
475 415 
115 99 
753 832 
582 698 
587 609 
580 482 
466 49 
327 64 
632 8 
510 620 
760 394 
304 27 
697 32 
454 932 
984 847 
469 670 
912 52 
800 528 
487 204 
459 716 
661 991 
262 93 
824 195 
161 95 
432 837 
259 386 
548 795 
705 338 
631 885 
438 915 
797 589 
759 47 
513 529 
911 244 
150 841 
341 117 
134 146 
501 382 
752 291 
751 659 
517 310 
253 619 
478 484 
573 224 
160 44 
105 769 
643 813 
711 359 
876 945 
794 409 
363 236 
102 461 
861 660 
71 88 
960 12 
471 162 
94 979 
288 51 
114 403 
808 422 
544 801 
993 534 
269 633 
445 490 
54 59 
248 234 
495 337 
940 858 
200 881 
407 617 
443 668 
6 263 
36 835 
273 402 
444 383 
237 417 
457 
868 66 
903 675 
937 572 
137 124 
703 897 
306 535 
713 
604 
113 
763 447 
371 524 
856 270 
465 571 
902 930 
891 138 
814 701 
628 133 
410 428 
199 578 
427 996 
129 635 
879 26 
862 673 
324 168 
395 365 
149 
532 
227 770 
892 470 
543 949 
629 
965 350 
85 657 
545 231 
636 165 
264 995 
779 
23 
567 
596 
967 198 
793 80 
641 
992 
104 372 
872 721 
804 
689 762 
863 
552 542 
393 
328 
69 796 
419 957 
651 566 
20 215 
720 414 
980 182 
82 816 
389 
373 634 
756 
423 
676 630 
342 
307 353 
601 97 
28 
238 590 
404 
873 810 
434 458 
5 
939 
838 558 
624 399 
551 
38 
736 
316 
889 
156 518 
563 492 
898 151 
834 31 
250 608 
92 
514 
222 
869 
547 653 
928 686 
223 243 
86 256 
283 
732 
818 615 
55 866 
206 537 
303 
683 934 
420 
958 116 
729 
812 
644 
309 
536 
909 714 
773 789 
385 916 
188 297 
509 
557 
707 
118 131 
981 0 
62 
576 
3 
387 
125 
951 
570 
241 
53 218 
18 765 
211 
87 
275 
418 586 
583 664 
280 126 
618 853 
140 
98 
347 
882 857 
366 522 
901 464 
785 
715 476 
143 961 
336 172 
331 226 
68 295 
614 
176 
782 527 
990 498 
191 788 
209 
777 
148 
245 
210 
508 
523 805 
656 
319 
390 376 
550 
139 
910 130 
361 
277 
728 
504 
329 
972 
599 183 
127 
217 
22 
775 
906 
500 
985 825 
61 781 
377 
496 144 
128 290 
997 
864 
820 
109 
654 
806 330 
123 175 
803 
740 579 
665 57 
690 
426 946 
388 953 
72 581 
600 368 
202 
562 252 
855 
25 
602 
384 119 
360 
473 
364 
733 
941 413 
436 
196 
538 
214 674 
381 
848 
111 
318 774 
625 871 
783 521 
546 
203 
627 
723 
499 
2 163 
896 
936 
678 
747 
920 968 
739 
286 
78 
880 
4 
516 
268 
435 
677 
802 
831 
559 
335 952 
860 
21 
564 904 
722 
978 
37 999 
821 
921 
65 96 
313 
180 221 
969 
828 30 
325 
638 
120 
207 512 
888 
706 
836 
225 
179 
905 
463 
727 
613 
305 
666 884 
261 
924 
446 
19 
298 
754 
79 603 
152 918 
515 
164 
768 
145 
260 
767 
867 
605 
964 
849 
201 
724 
189 
927 257 
166 
296 
479 
50 
405 190 
963 
7 
343 919 
594 
830 
502 
468 
216 
560 
771 
503 883 
584 
412 
685 398 
416 
332 
778 
340 
859 
616 
971 
741 
611 
348 
439 
923 
556 
197 
60 
9 
710 246 
300 
827 
974 731 
45 
865 
669 
272 
561 
70 
378 
346 
193 
994 
141 
648 
292 
792 
486 
35 
460 
784 
84 449 
90 
314 
34 
433 
41 
220 
745 
451 
406 
539 
258 
688 
907 
663 
870 
989 
205 
766 
646 
159 
370 
908 
950 
397 
623 
845 
712 
431 
606 
13 
485 
63 
505 
302 
367 
610 
294 
103 
267 
692 
282 
39 
933 
356 
334 
506 
320 
913 
746 
886 
708 
672 
184 
755 
56 
680 
555 
986 
639 
450 
81 
462 
430 
333 
976 
790 
842 
954 
354 
254 
718 
233 
358 
154 
483 
411 
284 
520 
312 
357 
317 
691 
658 
780 
955 
219 
278 
299 
240 
526 
699 709 
975 
822 
519 
235 
467 
815 
549 
24 
761 
352 
598 798 
425 
440 
719 
962 
900 
58 749 
287 
326 
687 
379 
679 
819 
1 
192 
178 
279 
704 
174 
456 
694 
491 
893 
626 
75 
671 
776 
255 
247 
917 
400 
232 
649 
734 
852 
878 
829 
16 
106 
421 
959 
569 
645 
983 
890 
899 
239 
442 
844 
823 
265 
799 
453 
966 
349 
11 
541 
942 
228 
281 
650 
970 
575 
826 
100 
74 
807 
574 
274 
682 
877 
17 
497 
230 
531 
507 
142 
362 
702 
843 
875 
293 
938 
554 
186 
276 
42 
308 
730 
181 
621 
693 
213 
480 
764 
922 
588 
121 
791 
369 
987 
948 
839 
926 
647 
640 
652 
772 
874 
787 
177 
112 
925 
935 
48 
315 
212 
107 
448 
914 
323 
135 
208 
136 
396 
850 
591 
351 
809 
380 
530 
170 
743 
73 
931 
122 
43 
14 
533 
742 
565 
786 
374 
887 
229 
667 
311 
895 
944 
83 
488 
301 
187 
429 
757 
77 
748 
33 
597 
477 
391 
593 
472 
441 
29 
642 
655 
998 
167 
592 
540 
489 
110 
811 
132 
851 
493 
89 
738 
194 
251 
854 
696 700 
158 322 